# Решеткой будут обозначены комментарии, решетка должна стоять строго на первом месте
#
# НАСТРОЙКИ ВСЕГО РИЛСЕТА:
# 1 - количество рилов; 2 - длина окна; 3 - минимальное расстояние между одинаковыми стаками(в том числе и единичными стаками)
#
# НАСТРОЙКИ ОТДЕЛЬНЫХ РИЛОВ:
# МЕЖДУ РИЛАМИ ДОЛЖНЫ БЫТЬ ПРОБЕЛЫ
# 1 - кол-во специальных символов(имеется ввиду по виду символов а не по количеству);
# Спец символы идут первыми, их параметры: спец символ - минимальное расстояние между спец символами - стаки символа
# Символ - длина стака - количество таких стаков
5 3 2
1
11 4 [1 10]
0 [1 15] [2 5] [3 3]
1 [1 15] [2 5] [3 3]
2 [1 15] [2 5] [3 3]
3 [1 15] [2 5] [3 3]
4 [1 15] [2 5] [3 3]
5 [1 15] [2 5] [3 3]
6 [1 15] [2 5] [3 3]
7 [1 15] [2 5] [3 3]
8 [1 15] [2 5] [3 3]
9 [1 15] [2 5] [3 3]

1
11 4 [1 10]
0 [1 15] [2 5] [3 3]
1 [1 15] [2 5] [3 3]
2 [1 15] [2 5] [3 3]
3 [1 15] [2 5] [3 3]
4 [1 15] [2 5] [3 3]
5 [1 15] [2 5] [3 3]
6 [1 15] [2 5] [3 3]
7 [1 15] [2 5] [3 3]
8 [1 15] [2 5] [3 3]
9 [1 15] [2 5] [3 3]

1
11 4 [1 10]
0 [1 15] [2 5] [3 3]
1 [1 15] [2 5] [3 3]
2 [1 15] [2 5] [3 3]
3 [1 15] [2 5] [3 3]
4 [1 15] [2 5] [3 3]
5 [1 15] [2 5] [3 3]
6 [1 15] [2 5] [3 3]
7 [1 15] [2 5] [3 3]
8 [1 15] [2 5] [3 3]
9 [1 15] [2 5] [3 3]

1
11 4 [1 10]
0 [1 15] [2 5] [3 3]
1 [1 15] [2 5] [3 3]
2 [1 15] [2 5] [3 3]
3 [1 15] [2 5] [3 3]
4 [1 15] [2 5] [3 3]
5 [1 15] [2 5] [3 3]
6 [1 15] [2 5] [3 3]
7 [1 15] [2 5] [3 3]
8 [1 15] [2 5] [3 3]
9 [1 15] [2 5] [3 3]

1
11 4 [1 10]
0 [1 15] [2 5] [3 3]
1 [1 15] [2 5] [3 3]
2 [1 15] [2 5] [3 3]
3 [1 15] [2 5] [3 3]
4 [1 15] [2 5] [3 3]
5 [1 15] [2 5] [3 3]
6 [1 15] [2 5] [3 3]
7 [1 15] [2 5] [3 3]
8 [1 15] [2 5] [3 3]
9 [1 15] [2 5] [3 3]