<?xml version="1.0" encoding="UTF-8"?>
<settings id="AVV056335,93">
	<ReelSets>
		<Reelset reelName="1" betsIndices="0 1 2 3 4 5 6 7 8 9 10 11 12 13 14 15 16 17 18 19 20 21 22 23" range="0 99999" isFortuneBet="false" isMainCycle="true" isStartScreen="true">
			<Reel>
				<Symbols>4,4,3,3,2,2,4,3,3,4,3,1,4,3,3,4,4,4,1,1,3,4,4,3,3,4,4,1,3,4,4,4,3,3,3,4,2,3,0,4,3,3,4,4,4,1,3,4,1,1,3,4,4,3,3,4,4,2,3,3,4,2,2,2,4,4,2,3,4,1,2,2,3,4,2,0,0,3,2,4,3,0,4,4,3,2,1,1,4,2,2,3,4,4,0,0,0,4,3,3,3,4,4,4,0,0,3,4,2,2,2,3,3,4,1,1,1,0,2,3,3,2,2,1,1,1,3,0,4,3,3,3,1,4,2,1,0,0,0,3,4,4,4,3,3,3,0,4,4,3,2,2,1,1,2,2,2,3,3,3,1,0,0,2</Symbols>
				<Weights>1,1,1,1,1,1,1,1,1,1,1,1,1,1,1,1,1,1,1,1,1,1,1,1,1,1,1,1,1,1,1,1,1,1,1,1,1,1,1,1,1,1,1,1,1,1,1,1,1,1,1,1,1,1,1,1,1,1,1,1,1,42,1,1,1,1,1,1,1,42,1,1,1,1,42,1,1,1,1,1,1,1,1,1,1,42,1,1,1,1,1,1,1,1,42,1,1,1,1,1,1,1,1,1,1,1,1,1,42,1,1,1,1,1,42,42,42,1,1,1,1,42,42,42,1,1,1,1,1,1,1,1,1,1,42,42,42,1,1,1,1,1,1,1,1,1,1,1,1,1,42,42,42,42,42,1,1,1,1,1,41,41,1,1</Weights>
			</Reel>
			<Reel>
				<Symbols>4,4,3,3,3,2,2,2,4,3,3,4,3,2,4,4,3,2,0,4,4,4,3,3,2,3,3,3,4,4,0,3,4,2,3,4,2,3,3,1,1,3,4,4,1,1,3,4,4,3,3,3,2,4,3,3,1,2,2,4,4,0,0,3,4,1,2,2,4,3,3,4,4,4,0,0,3,2,4,3,0,4,3,3,4,1,1,4,2,2,3,4,4,4,1,0,0,1,1,1,3,3,4,1,2,2,3,4,4,3,0,0,0,1,3,3,0,4,3,3,3,2,2,2,4,3,2,4,1,2,2,2,4,1,1,1,3,4,4,1,2,3,0,1,1,3,4,4,4,2,2</Symbols>
				<Weights>1,1,1,1,1,101,1,1,1,1,1,1,1,1,1,1,1,1,1,1,1,1,1,1,1,1,1,1,1,1,1,1,1,1,1,1,1,1,1,1,1,1,1,1,1,1,1,1,1,1,1,1,1,1,1,1,101,1,1,1,1,1,1,1,1,101,1,1,1,1,1,1,1,1,1,1,1,1,1,1,1,1,1,1,1,1,1,1,1,1,1,1,1,1,101,101,101,101,1,1,1,1,1,101,1,1,1,1,1,1,101,101,1,1,1,1,1,1,1,1,1,101,1,1,1,1,1,1,101,101,1,1,1,101,1,1,1,1,1,1,1,1,101,1,1,1,1,1,1,1,1</Weights>
			</Reel>
			<Reel>
				<Symbols>2,2,3,0,4,4,4,3,2,2,4,4,2,2,1,4,3,3,2,2,4,4,3,1,1,3,4,1,2,4,3,3,3,4,4,4,3,3,4,3,3,4,4,1,0,4,2,2,3,4,4,2,3,4,1,2,4,3,2,4,3,3,4,4,3,2,0,0,2,2,2,3,3,0,1,4,4,3,3,4,4,3,2,4,0,3,3,3,4,1,3,2,2,2,1,1,4,3,0,4,2,2,2,0,0,4,3,3,3,0,0,0,4,3,1,1,1,4,4,4,3,3,4,2,1,1,1,3,3,1,1,3,0,0,3,2,4,3,2,1,3,4,4,4,3,3,3,1,1,4,4</Symbols>
				<Weights>1,1,1,1,1,1,1,1,1,1,1,1,101,1,1,1,1,1,1,1,1,1,1,1,1,1,1,1,1,1,1,1,1,1,1,1,1,1,1,1,1,1,1,1,1,1,1,1,1,1,1,1,1,1,1,1,1,1,1,1,1,1,1,1,1,101,101,101,101,1,1,1,1,1,1,1,1,1,1,1,1,1,1,1,1,1,1,1,1,1,1,101,101,101,1,1,1,1,1,1,101,101,101,1,1,1,1,1,1,101,1,1,1,1,101,1,1,1,1,1,1,1,1,101,101,1,1,1,1,1,1,1,1,1,1,1,1,1,1,1,1,1,1,1,1,1,1,1,1,1,1</Weights>
			</Reel>
			<Reel>
				<Symbols>4,4,3,3,3,2,2,2,4,3,3,4,3,2,4,4,3,2,0,4,4,4,3,3,2,3,3,3,4,4,0,3,4,2,3,4,2,3,3,1,1,3,4,4,1,1,3,4,4,3,3,3,2,4,3,3,1,2,2,4,4,0,0,3,4,1,2,2,4,3,3,4,4,4,0,0,3,2,4,3,0,4,3,3,4,1,1,4,2,2,3,4,4,4,1,0,0,1,1,1,3,3,4,1,2,2,3,4,4,3,0,0,0,1,3,3,0,4,3,3,3,2,2,2,4,3,2,4,1,2,2,2,4,1,1,1,3,4,4,1,2,3,0,1,1,3,4,4,4,2,2</Symbols>
				<Weights>1,1,1,12,23,1,23,12,1,1,1,12,12,12,1,12,23,23,12,1,1,1,12,12,12,1,1,1,12,12,12,12,12,12,12,12,12,12,23,23,12,1,12,23,23,12,1,1,1,1,12,12,12,1,12,23,1,23,12,12,23,23,12,12,23,1,23,12,1,1,1,1,11,21,21,21,11,11,11,11,11,1,1,11,21,21,21,21,21,11,1,1,11,21,1,1,1,1,21,11,1,11,21,1,21,11,1,1,11,21,1,1,21,11,11,11,11,1,1,11,21,1,21,11,11,11,21,21,1,1,21,21,21,1,21,11,1,11,21,21,21,21,1,21,11,1,1,11,21,21,11</Weights>
			</Reel>
			<Reel>
				<Symbols>2,1,3,3,4,4,2,3,4,4,2,3,3,3,2,1,4,3,4,2,2,2,4,3,3,4,4,3,4,2,2,2,4,4,4,3,1,4,4,1,3,2,2,1,4,3,2,2,4,4,2,3,3,3,1,1,4,4,4,3,3,3,0,4,3,3,4,3,0,4,3,3,4,4,4,3,0,0,4,4,3,3,4,3,1,1,1,3,3,4,2,2,3,3,1,1,4,3,3,3,1,1,1,4,4,3,2,2,3,0,4,4,2,2,2,3,3,4,0,0,3,1,1,2,4,3,0,1,2,2,3,4,1,1,4,0,0,2,4,4,4,2,0,0,0,4,3,0,2,1,3</Symbols>
				<Weights>8,22,1,1,22,22,22,1,22,22,22,1,22,8,8,22,1,22,8,1,8,22,1,1,1,1,1,22,8,1,8,22,1,1,22,22,22,22,22,8,8,1,8,22,22,8,8,22,22,22,22,1,22,8,8,22,1,1,1,1,22,22,22,1,1,1,22,22,22,1,1,1,1,1,22,8,8,22,1,1,1,1,22,8,1,8,22,1,22,8,8,22,22,8,8,22,1,1,22,8,1,8,22,1,22,8,8,8,22,22,22,8,1,8,22,1,22,8,8,8,8,1,8,22,22,8,1,1,8,22,22,8,8,8,8,1,8,22,1,22,8,1,1,7,19,19,7,1,7,19,1</Weights>
			</Reel>
			
		</Reelset>
	</ReelSets>
</settings>