<?xml version="1.0" encoding="UTF-8"?>
<settings id="AVV056335,93">
	<ReelSets>
		<Reelset reelName="1" betsIndices="0 1 2 3 4 5 6 7 8 9 10 11 12 13 14 15 16 17 18 19 20 21 22 23" range="0 99999" isFortuneBet="false" isMainCycle="true" isStartScreen="true">
			<Reel>
				<Symbols>8,7,6,3,8,5,6,3,4,4,3,2,2,2,3,4,5,6,9,4,0,6,3,3,8,7,4,2,2,6,9,4,4,1,1,5,8,4,4,5,9,4,8,5,2,7,4,4,4,1,1,4,4,4,9,1,7,4,4,0,1,7,9,5,6,7,1,4,4,3,3,5,7,3,3,3,4,4,4,9,7,0,1,5,0,0,5,9,6,3,9,2,4,8,6,9,5,3,4,8,9,7,4,4,4,3,2,9,6,8,3,3,7,5,4,3,6,8,9,3,3,0,2,8,3,2,2,0,9,5,8,1,7,6,9,7,4,4,9,6,7,3,3,5,6,9,4,4,5,8,7,9,8,4,6,3,0,4,8,3,3,3,1,0,0,3,7,6,9,4,7,8,3,3,2,5,3,3,3,4,4,7,8,5,6,3,4,7,3,3,6,8,3,4,2,5,3,3,3,1,1,1,3,3,8,4,0,0,0,5,6</Symbols>
				<Weights>1,1,1,1,1,1,19,22,22,1,1,4,1,1,19,1,1,1,1,1,1,19,19,1,1,1,1,4,1,1,19,1,1,4,1,1,19,19,1,1,1,1,1,1,1,19,22,1,1,1,1,22,19,1,1,1,19,1,1,4,1,1,1,1,1,1,1,22,22,19,1,1,19,22,22,22,22,19,1,1,4,4,4,4,4,1,1,1,1,1,1,1,1,1,1,1,19,19,1,1,1,19,22,22,1,1,1,1,1,19,19,1,1,19,19,1,1,1,19,1,1,4,1,1,1,4,4,1,1,1,1,1,1,1,1,19,13,1,1,1,13,13,1,1,1,13,13,1,1,1,1,1,1,13,1,1,1,13,13,15,1,1,3,1,1,1,1,1,1,1,1,13,1,1,1,13,15,15,15,13,1,1,1,1,13,13,13,13,13,1,1,13,1,1,1,13,15,1,1,3,1,1,13,13,1,1,3,3,1,1,1</Weights>
			</Reel>
			<Reel>
				<Symbols>3,4,8,7,3,3,3,8,5,3,4,4,3,8,4,4,4,3,5,6,9,4,0,6,4,4,3,3,8,7,4,2,2,6,9,4,4,1,1,5,8,4,4,5,9,4,11,8,5,2,11,7,4,4,4,2,1,7,4,4,11,2,7,9,5,6,4,0,0,0,4,3,3,6,7,3,3,3,4,4,4,9,7,0,1,5,9,0,0,5,9,6,3,9,6,4,8,6,0,3,11,5,3,11,8,9,7,4,4,8,7,9,6,4,3,3,7,5,4,3,6,8,9,3,3,0,2,8,3,2,1,6,5,1,6,4,4,2,2,3,5,6,8,9,2,4,4,9,7,6,8,4,5,9,0,7,8,11,3,3,1,0,7,6,3,3,3,11,7,3,1,1,11,8,4,9,11,7,9,5,8,3,3,5,6,4,4,4,7,6,3,3,9,1,5,8,3,3,3,4,2,2,2,8,9,3,11,7,5,3,3,0,0,7,1,1,1,3,4,5,6</Symbols>
				<Weights>1,13,13,1,1,1,13,13,1,1,1,1,1,1,1,1,1,13,1,13,1,1,1,1,1,1,1,13,13,1,1,17,13,13,1,1,1,17,13,13,1,1,13,13,7,7,7,13,7,7,7,1,1,1,1,17,1,1,7,7,7,13,1,1,13,1,1,21,1,1,1,1,13,13,1,1,1,1,1,1,13,13,17,17,13,13,17,17,13,1,13,13,13,13,13,13,13,1,7,7,7,7,7,7,1,13,1,1,13,1,1,13,1,1,1,13,13,1,1,13,1,13,1,1,1,17,1,1,1,17,13,13,13,1,1,1,1,1,1,13,1,1,13,1,1,1,13,1,1,13,13,13,13,13,13,7,7,7,1,1,17,10,10,1,1,7,7,7,1,1,7,7,7,10,7,7,7,1,1,10,1,1,10,10,1,1,1,10,10,1,1,1,10,10,10,1,1,1,1,1,16,13,10,10,7,6,6,10,1,1,1,13,13,13,16,1,1,1,10,10,1</Weights>
			</Reel>
			<Reel>
				<Symbols>4,4,9,5,6,11,4,4,3,11,9,0,0,11,5,3,4,7,9,3,4,4,4,0,5,2,2,4,4,4,6,8,3,6,9,4,11,9,4,2,3,3,3,11,8,3,4,4,4,1,3,4,8,7,11,3,3,3,4,4,6,3,3,3,2,11,3,4,4,8,5,2,11,7,8,0,3,5,0,6,7,5,0,0,7,3,3,6,9,5,7,8,6,11,7,5,6,4,2,2,8,5,11,7,9,11,4,3,6,4,4,4,5,11,4,1,1,4,9,6,8,7,1,9,0,3,5,8,4,3,3,6,7,1,1,1,7,8,3,3,9,0,1,6,9,11,6,5,1,2,4,7,11,6,3,3,2,2,2,11,8,5,0,4,1,2,6,3,2,6,7,9,0,0,0,7,8,6,7,8,4,4,9,5,3,3,9,5,4,4,3,5,1,8,3,3,3,4,4,8,9,3,3,9,6,7,4,5,7,3,8,4,4,9,1,1,8,3,3,4,8,5,11,7,3,3,9</Symbols>
				<Weights>9,1,1,8,8,8,1,8,8,8,9,8,8,8,9,9,1,1,9,1,1,17,8,8,8,43,15,1,8,1,1,1,1,1,8,8,8,8,15,15,1,8,8,8,8,1,1,15,15,15,8,1,8,8,8,1,1,1,8,8,8,1,15,8,8,8,1,8,1,1,7,7,7,1,8,8,8,1,1,1,1,8,8,8,8,8,1,1,1,1,1,7,7,7,1,1,8,43,8,1,7,7,7,7,7,7,8,8,8,1,8,7,7,7,43,43,8,1,1,1,1,1,8,8,8,1,1,8,1,8,1,1,8,1,8,1,1,8,8,8,8,8,1,7,7,7,1,8,43,8,7,7,7,8,15,43,1,7,7,7,1,8,43,43,8,8,8,8,1,1,1,8,1,8,1,1,1,1,1,8,8,1,1,8,8,1,1,8,1,8,8,1,8,8,1,1,1,8,1,1,8,8,1,1,1,1,1,1,1,8,8,8,8,8,8,8,8,1,8,1,7,7,7,8,8,1,1</Weights>
			</Reel>
			<Reel>
				<Symbols>11,3,3,5,8,4,3,5,6,9,4,4,5,11,4,4,7,5,8,9,4,0,6,11,3,3,8,6,4,2,2,6,7,4,4,1,1,6,8,4,4,5,9,4,11,1,5,2,11,7,4,4,4,2,1,7,4,4,11,1,1,7,9,0,0,0,3,3,6,7,3,3,3,4,4,9,7,0,1,5,9,0,0,5,8,6,3,8,6,4,7,6,11,3,9,5,3,0,8,9,6,4,4,5,8,9,6,8,3,3,11,7,5,2,2,2,3,5,8,9,3,3,0,2,8,3,2,9,5,4,4,4,1,6,4,2,2,3,4,5,8,4,11,2,6,8,7,4,5,6,0,3,3,3,7,9,3,3,1,0,7,6,3,3,3,9,7,3,5,4,7,11,4,3,11,7,3,9,7,4,4,4,9,3,4,4,4,3,3,11,9,8,1,4,4,6,11,3,3,8,6,5,3,3,3,0,0,1,1,1,6,7,8,4,9,3,8,7,4,9,8,3,11,2,5</Symbols>
				<Weights>6,1,1,1,1,1,43,43,1,1,1,6,6,6,1,43,43,1,1,1,1,6,6,6,1,1,1,1,1,1,43,43,1,1,1,1,1,1,1,1,1,1,6,6,6,1,6,6,6,1,1,1,1,1,1,1,6,6,6,1,1,1,1,1,1,1,1,43,43,1,1,1,1,1,1,1,1,1,1,1,1,1,1,43,1,1,1,1,43,43,6,6,6,1,1,1,1,1,1,1,1,1,1,1,1,1,1,1,6,6,6,43,1,1,1,1,1,1,1,1,1,1,1,1,1,1,1,1,1,1,1,1,1,1,1,1,1,1,1,1,6,6,6,1,43,1,43,43,43,1,1,1,1,1,1,1,1,1,1,43,43,1,1,1,1,1,43,1,43,6,6,5,5,5,5,1,1,1,1,1,1,1,1,1,1,1,1,5,5,5,1,1,1,1,5,5,5,1,1,43,43,1,1,1,1,1,1,1,1,40,40,1,1,1,1,1,1,1,1,1,5,5,5,1,1</Weights>
			</Reel>
			<Reel>
				<Symbols>7,6,0,0,7,4,4,7,0,3,3,3,1,4,4,4,1,5,3,7,4,6,8,5,4,4,0,0,4,8,2,5,0,7,9,6,3,3,1,1,9,5,6,7,3,1,1,1,4,6,0,2,6,7,9,1,2,2,5,8,2,2,4,7,5,8,6,2,2,4,0,0,8,2,1,1,1,3,5,2,2,7,8,2,1,5,6,1,5,8,3,9,1,2,2,2,3,9,1,1,1,9,7,3,3,9,5,8,4,9,1,1,3,6,5,0,0,0,9,8,0,0,0,6,7,8,3,2,2,2,5,8,9,1,6,8,7,2,8,9,6,8,5,1,1,8,6,3,9,0,5,7,6,9,4,0,0,0,4,4,4,6,0,7,8,1,0,7,2,8,5,1,1,2,2,4,7,5,0,0,2,4,9,0,0,9,6,7,9,3,4,5,2,2,2,6,9,8,3,3,4,4,5,6,0,3,3,3,9,2,3,7,1,1,0</Symbols>
				<Weights>13,1,1,1,1,1,1,1,1,1,1,1,1,1,1,1,1,13,1,13,13,17,13,1,1,1,1,1,1,13,1,13,13,17,13,1,1,1,1,13,17,17,13,1,1,1,1,1,1,1,1,13,17,13,1,1,1,13,13,1,1,1,13,17,17,13,1,1,1,1,1,1,1,1,1,1,1,1,1,1,13,13,1,1,13,13,13,13,13,13,1,1,1,1,1,1,1,1,1,1,13,13,1,1,13,17,13,13,1,1,1,1,13,13,1,1,1,13,13,1,1,1,13,17,13,1,1,1,1,13,17,13,13,13,17,13,13,13,17,17,17,13,1,1,13,13,13,1,10,10,13,13,10,1,1,1,1,1,1,1,1,10,10,10,1,1,1,10,10,10,1,1,1,1,1,10,10,1,1,1,1,1,1,1,10,13,13,10,1,1,1,1,1,1,10,13,10,1,1,1,1,10,10,1,1,1,1,1,1,1,1,1,1,1,1</Weights>
			</Reel>
			
		</Reelset>
	</ReelSets>
</settings>